901000000
901000001
901000002
901000003
901000004
901000005
901000006
901000007
901000008
901000009
901000010
901000012
901000015
901000018
901000021
901000024
901000027
901000030
901000033
901000036
901000039
901000042
901200880
901200884
901200888
901200892
901200896
901200900
901200904
901200908
901200912
901200916
901200920
901200924
901200928
901200932
901200936
901200940
901200944
901200948
901200952
901200956
901200960
901200964
901200968
901200972
901200976
901200980
901200984
901200988
901200992
901200996
901201000
901201004
901563890
901563990
901564090
901564190
901564290
901564390
901564490
901564590
901564690
901564790
901564890
901564990
901565090
901565190
901565290
901565390
901565490
901565590
901565690
901565790
901565890
901565990
901566090
901566190
901566290
901566390
901566490
901566590
901566690
901566790
901566890
901566990
901567090
901567190
901567290
901567390
901567490
901567590
901567690
901567790
901567890
901567990
901568090
901568190
901568290
901568390
901568490
901568590
901568690
901568790
901568890
901568990
901569090
901569190
901569290
901569390
901569490
901569590
901569690
901569790
901569890
901569990
901570090
901570190
901570290
901570390
901570490
901570590
901570690
901570790
901570890
901570990
901571090
901571190
901571290
901571390
901571490
901571590
901571690
901571790
901571890
901571990
901572090
901572190
901572290
901572390
901572490
901572590
901572690
901572790
901572890
901572990
901573090
901573190
901573290
901573390
901573490
901573590
901573690
901573790
901573890
901573990
901574090
901574190
901574290
901574390
901574490
901574590
901574690
901574790
901574890
901574990
901575090
901575190
901575290
901575390
901575490
901575590
901575690
901575790
901575890
901575990
901576090
901576190
901576290
901576390
901576490
901576590
901576690
901576790
901576890
901576990
901577090
901577190
901577290
901577390
901577490
901577590
901577690
901577790
901577890
901577990
901578090
901578190
901578290
901578390
901578490
901578590
901578690
901578790
901578890
901578990
901579090
901579190
901579290
901579390
901579490
901579590
901579690
901579790
901579890
901579990
901580090
901580190
901580290
901580390
901580490
901580590
901580690
901580790
901580890
901580990
901581090
901581190
901581290
901581390
901581490
901581590
901581690
901581790
901581890
901581990
901582090
901582190
901582290
901582390
901582490
901582590
901582690
901582790
901582890
901582990
901583090
901583190
901583290
901583390
901583490
901583590
901583690
901583790
901583890
901583990
901584090
901584190
901584290
901584390
901584490
901584590
901584690
901584790
901584890
901584990
901585090
901585190
901585290
901585390
901585490
901585590
901585690
901585790
901585890
901585990
901586090
901586190
901586290
901586390
901586490
901586590
901586690
901586790
901586890
901586990
901587090
901587190
901587290
901587390
901587490
901587590
901587690
901587790
901587890
901587990
901588090
901588190
901588290
901588390
901588490
901588590
901588690
901588790
901588890
901588990
901589090
901589190
901589290
901589390
901589490
901589590
901589690
901589790
901589890
901589990
901590090
901590190
901590290
901590390
901590490
901590590
901590690
901590790
901590890
901590990
901591090
901591190
901591290
901591390
901591490
901591590
901591690
901591790
901591890
901591990
901592090
901592190
901592290
901592390
901592490
901592590
901592690
901592790
901592890
901592990
901593090
901593190
901593290
901593390
901593490
901593590
901593690
901593790
901593890
901593990
901594090
901594190
901594290
901594390
901594490
901594590
901594690
901594790
901594890
901594990
901595090
901595190
901595290
901595390
901595490
901595590
901595690
901595790
901595890
901595990
901596090
901596190
901596290
901596390
901596490
901596590
901596690
901596790
901596890
901596990
901597090
901597190
901597290
901597390
901597490
901597590
901597690
901597790
901597890
901597990
901598090
901598190
901598290
901598390
901598490
901598590
901598690
901598790
901598890
901598990
901599090
901599190
901599290
901599390
901599490
901599590
901599690
901599790
901599890
901599990
901600090
901600190
901600290
901600390
901600490
901600590
901600690
901600790
901600890
901600990
901601090
901601190
901601290
901601390
901601490
901601590
901601690
901601790
901601890
901601990
901602090
901602190
901602290
901602390
901602490
901602590
901602690
901602790
901602890
901602990
901603090
901603190
901603290
901603390
901603490
901603590
901603690
901603790
901603890
901603990
901604090
901604190
901604290
901604390
901604490
901604590
901604690
901604790
901604890
901604990
901605090
901605190
901605290
901605390
901605490
901605590
901605690
901605790
901605890
901605990
901606090
901606190
901606290
901606390
901606490
901606590
901606690
901606790
901606890
901606990
901607090
901607190
901607290
901607390
901607490
901607590
901607690
901607790
901607890
901607990
901608090
901608190
901608290
901608390
901608490
901608590
901608690
901608790
901608890
901608990
901609090
901609190
901609290
901609390
901609490
901609590
901609690
901609790
901609890
901609990
901610090
901610190
901610290
901610390
901610490
901610590
901610690
901610790
901610890
901610990
901611090
901611190
901611290
901611390
901611490
901611590
901611690
901611790
901611890
901611990
901612090
901612190
901612290
901612390
901612490
901612590
901612690
901612790
901612890
901612990
901613090
901613190
901613290
901613390
901613490
901613590
901613690
901613790
901613890
901613990
902435234
902489342
902543450
902597558
902651666
902705774
902759882
902813990
902868098
902922206
902976314
903030422
903084530
903138638
903192746
903246854
903300962
903355070
903409178
903463286
903517394
903571502
903625610
903679718
903733826
903787934
903842042
903896150
903950258
904004366
904058474
904112582
904166690
904220798
904274906
904329014
904383122
904437230
904491338
904545446
904599554
904653662
904707770
904761878
904815986
904870094
904924202
904978310
905032418
905086526
905140634
905194742
905248850
905302958
905357066
905411174
905465282
905519390
905573498
905627606
905681714
905735822
905789930
905844038
905898146
905952254
906006362
906060470
906114578
906168686
906222794
906276902
906331010
906385118
906439226
906493334
906547442
906601550
906655658
906709766
906763874
906817982
906872090
906926198
906980306
907034414
907088522
907142630
907196738
907250846
907304954
907359062
907413170
907467278
907521386
907575494
907629602
907683710
907737818
907791926
907846034
907900142
907954250
908008358
908062466
908116574
908170682
908224790
908278898
908333006
908387114
908441222
908495330
908549438
908603546
908657654
908711762
908765870
908819978
908874086
908928194
908982302
909036410
909090518
909144626
909198734
909252842
909306950
909361058
909415166
909469274
909523382
909577490
909631598
909685706
909739814
909793922
909848030
909902138
909956246
910010354
910064462
910118570
910172678
910226786
910280894
910335002
910389110
910443218
910497326
910551434
910605542
910659650
910713758
910767866
910821974
910876082
910930190
910984298
911038406
911092514
911146622
911200730
911254838
911308946
911363054
911417162
911471270
911525378
911579486
911633594
911687702
911741810
911795918
911850026
911904134
911958242
912012350
912066458
912120566
912174674
912228782
912282890
912336998
912391106
912445214
912499322
912553430
912607538
912661646
912715754
912769862
912823970
912878078
912932186
912986294
913040402
913094510
913148618
913202726
913256834
913310942
913365050
913419158
913473266
913527374
913581482
913635590
913689698
913743806
913797914
913852022
913906130
913960238
914014346
914068454
914122562
914176670
914230778
914284886
914338994
914393102
914447210
914501318
914555426
914609534
914663642
914717750
914771858
914825966
914880074
914934182
914988290
915042398
915096506
915150614
915204722
915258830
915312938
915367046
915421154
915475262
915529370
915583478
915637586
915691694
915745802
915799910
915854018
915908126
915962234
916016342
916070450
916124558
916178666
916232774
916286882
916340990
916395098
916449206
916503314
916557422
916611530
916665638
916719746
916773854
916827962
916882070
916936178
916990286
917044394
917098502
917152610
917206718
917260826
917314934
917369042
917423150
917477258
917531366
917585474
917639582
917693690
917747798
917801906
917856014
917910122
917964230
918018338
918072446
918126554
918180662
918234770
918288878
918342986
918397094
918451202
918505310
918559418
918613526
918667634
918721742
918775850
918829958
918884066
918938174
918992282
919046390
919100498
919154606
919208714
919262822
919316930
919371038
919425146
919479254
919533362
919587470
919641578
919695686
919749794
919803902
919858010
919912118
919966226
920020334
920074442
920128550
920182658
920236766
920290874
920344982
920399090
920453198
920507306
920561414
920615522
920669630
920723738
920777846
920831954
920886062
920940170
920994278
921048386
921102494
921156602
921210710
921264818
921318926
921373034
921427142
921481250
921535358
921589466
921643574
921697682
921751790
921805898
921860006
921914114
921968222
922022330
922076438
922130546
922184654
922238762
922292870
922346978
922401086
922455194
922509302
922563410
922617518
922671626
922725734
922779842
922833950
922888058
922942166
922996274
923050382
923104490
923158598
923212706
923266814
923320922
923375030
923429138
923483246
923537354
923591462
923645570
923699678
923753786
923807894
923862002
923916110
923970218
924024326
924078434
924132542
924186650
924240758
924294866
924348974
924403082
924457190
924511298
924565406
924619514
924673622
924727730
924781838
924835946
924890054
924944162
924998270
925052378
925106486
925160594
925214702
925268810
925322918
925377026
925431134
925485242
925539350
925593458
925647566
925701674
925755782
925809890
925863998
925918106
925972214
926026322
926080430
926134538
926188646
926242754
926296862
926350970
926405078
926459186
926513294
926567402
926621510
926675618
926729726
926783834
926837942
926892050
926946158
927000266
927054374
927108482
927162590
927216698
927270806
927324914
927379022
927433130
927487238
927541346
927595454
927649562
927703670
927757778
927811886
927865994
927920102
927974210
928028318
928082426
928136534
928190642
928244750
928298858
928352966
928407074
928461182
928515290
928569398
928623506
928677614
928731722
928785830
928839938
928894046
928948154
929002262
929056370
929110478
929164586
929218694
929272802
929326910
929381018
929435126
929489234
929543342
929597450
929651558
929705666
929759774
929813882
929867990
929922098
929976206
930030314
930084422
930138530
930192638
930246746
930300854
930354962
930409070
930463178
930517286
930571394
930625502
930679610
930733718
930787826
930841934
930896042
930950150
931004258
931058366
931112474
931166582
931220690
931274798
931328906
931383014
931437122
931491230
931545338
931599446
931653554
931707662
931761770
931815878
931869986
931924094
931978202
932032310
932086418
932140526
932194634
932248742
932302850
932356958
932411066
932465174
932519282
932573390
932627498
932681606
932735714
932789822
932843930
932898038
932952146
933006254
933060362
933114470
933168578
933222686
933276794
933330902
933385010
933439118
933493226
933547334
933601442
933655550
933709658
933763766
933817874
933871982
933926090
933980198
934034306
934088414
934142522
934196630
934250738
934304846
934358954
934413062
934467170
934521278
934575386
934629494
934683602
934737710
934791818
934845926
934900034
934954142
935008250
935062358
935116466
935170574
935224682
935278790
935332898
935387006
935441114
935495222
935549330
935603438
935657546
935711654
935765762
935819870
935873978
935928086
935982194
936036302
936090410
936144518
936198626
936252734
936306842
936360950
936415058
936469166
936523274
936577382
936631490
936685598
936739706
936793814
936847922
936902030
936956138
937010246
937064354
937118462
937172570
937226678
937280786
937334894
937389002
937443110
937497218
937551326
937605434
937659542
937713650
937767758
937821866
937875974
937930082
937984190
938038298
938092406
938146514
938200622
938254730
938308838
938362946
938417054
938471162
938525270
938579378
938633486
938687594
938741702
938795810
938849918
938904026
938958134
939012242
939066350
939120458
939174566
939228674
939282782
939336890
939390998
939445106
939499214
939553322
939607430
939661538
939715646
939769754
939823862
939877970
939932078
939986186
940040294
940094402
940148510
940202618
940256726
940310834
940364942
940419050
940473158
940527266
940581374
940635482
940689590
940743698
940797806
940851914
940906022
940960130
941014238
941068346
941122454
941176562
941230670
941284778
941338886
941392994
941447102
941501210
941555318
941609426
941663534
941717642
941771750
941825858
941879966
941934074
941988182
942042290
942096398
942150506
942204614
942258722
942312830
942366938
942421046
942475154
942529262
942583370
942637478
942691586
942745694
942799802
942853910
942908018
942962126
943016234
943070342
943124450
943178558
943232666
943286774
943340882
943394990
943449098
943503206
943557314
943611422
943665530
943719638
943773746
943827854
943881962
943936070
943990178
944044286
944098394
944152502
944206610
944260718
944314826
944368934
944423042
944477150
944531258
944585366
944639474
944693582
944747690
944801798
944855906
944910014
944964122
945018230
945072338
945126446
945180554
945234662
945288770
945342878
945396986
945451094
945505202
945559310
945613418
945667526
945721634
945775742
945829850
945883958
945938066
945992174
946046282
946100390
946154498
946208606
946262714
946316822
946370930
946425038
946479146
946533254
946587362
946641470
946695578
946749686
946803794
946857902
946912010
946966118
947020226
947074334
947128442
947182550
947236658
947290766
947344874
947398982
947453090
947507198
947561306
947615414
947669522
947723630
947777738
947831846
947885954
947940062
947994170
948048278
948102386
948156494
948210602
948264710
948318818
948372926
948427034
948481142
948535250
948589358
948643466
948697574
948751682
948805790
948859898
948914006
948968114
949022222
949076330
949130438
949184546
949238654
949292762
949346870
949400978
949455086
949509194
949563302
949617410
949671518
949725626
949779734
949833842
949887950
949942058
949996166
950050274
950104382
950158490
950212598
950266706
950320814
950374922
950429030
950483138
950537246
950591354
950645462
950699570
950753678
950807786
950861894
950916002
950970110
951024218
951078326
951132434
951186542
951240650
951294758
951348866
951402974
951457082
951511190
